# PyMuPDF 1.28.2; letra x0 y0 x1 y1 (milésimas de em, y hacia arriba)
[Helvetica]
20 0 0 0 0
21 124 0 208 729
22 52 464 305 709
23 14 -20 542 697
24 33 -126 525 770
25 29 -20 859 709
26 52 -23 637 709
27 48 464 142 709
28 73 -212 291 729
29 38 -212 256 729
2A 40 441 343 729
2B 50 -10 534 474
2C 87 -149 192 104
2D 46 240 284 312
2E 87 0 191 104
2F -8 -20 284 729
30 43 -23 507 723
31 102 0 347 723
32 34 1 511 723
33 32 -23 506 723
34 28 0 520 723
35 35 -23 513 709
36 43 -23 513 723
37 46 0 520 709
38 37 -23 513 723
39 38 -23 509 723
3A 110 0 214 524
3B 110 -149 215 524
3C 45 -9 534 474
3D 50 111 534 353
3E 50 -9 539 474
3F 77 0 509 741
40 34 -142 951 741
41 17 0 653 729
42 79 0 623 729
43 48 -23 677 741
44 89 0 667 729
45 90 0 613 729
46 90 0 579 729
47 44 -23 709 741
48 83 0 644 729
49 100 0 194 729
4A 17 -23 426 729
4B 79 0 658 729
4C 80 0 533 729
4D 75 0 761 729
4E 76 0 646 729
4F 38 -23 742 741
50 91 0 617 729
51 38 -59 742 741
52 93 0 679 729
53 48 -23 621 741
54 21 0 593 729
55 85 -23 645 729
56 30 0 645 729
57 22 0 929 729
58 22 0 649 729
59 13 0 661 729
5A 28 0 583 729
5B 64 -212 250 729
5C -8 -20 284 729
5D 23 -212 209 729
5E 44 329 425 709
5F -22 -176 578 -126
60 22 592 231 740
61 42 -23 535 539
62 54 -23 523 729
63 31 -23 477 539
64 26 -23 495 729
65 40 -23 513 539
66 18 0 258 732
67 35 -218 481 539
68 70 0 486 729
69 66 0 150 729
6A -18 -218 153 729
6B 58 0 502 729
6C 68 0 152 729
6D 70 0 762 539
6E 70 0 487 539
6F 36 -23 510 539
70 54 -218 523 539
71 26 -218 495 539
72 69 0 321 539
73 34 -23 459 539
74 14 -23 254 668
75 65 -23 482 524
76 10 0 486 524
77 6 0 708 524
78 17 0 473 524
79 20 -218 478 524
7A 31 0 457 524
7B 43 -212 276 729
7C 100 -212 160 729
7D 29 -212 262 729
7E 75 268 508 438
A0 0 0 0 0
A1 121 -205 205 524
A2 52 -120 510 628
A3 26 -23 535 729
A4 67 133 489 551
A5 11 0 545 709
A6 100 -212 160 729
A7 44 -213 506 729
A8 30 612 296 715
A9 -13 -22 751 742
AA 37 303 333 742
AB 98 106 455 438
AC 40 86 544 375
AD 46 240 284 312
AE -13 -22 751 742
AF 28 631 302 701
B0 48 383 351 686
B1 50 -11 534 623
B2 10 284 317 709
B3 7 270 313 709
B4 92 592 301 740
B5 65 -220 544 524
B6 48 -177 522 729
B7 110 227 214 331
B8 39 -214 287 0
B9 52 284 213 709
BA 40 303 324 742
BB 98 106 451 438
BC 26 -20 814 709
BD 25 -20 808 709
BE 25 -20 812 709
BF 95 -217 528 524
C0 17 0 653 939
C1 17 0 653 939
C2 17 0 653 940
C3 17 0 653 916
C4 17 0 653 914
C5 17 0 653 953
C6 11 0 950 729
C7 48 -214 677 741
C8 90 0 613 939
C9 90 0 613 939
CA 90 0 613 940
CB 90 0 613 914
CC 1 0 210 939
CD 71 0 280 939
CE -1 0 286 940
CF 9 0 275 907
D0 20 0 667 729
D1 76 0 646 916
D2 38 -23 742 939
D3 38 -23 742 939
D4 38 -23 742 940
D5 38 -23 742 916
D6 38 -23 742 914
D7 95 34 488 427
D8 30 -23 744 755
D9 85 -23 645 939
DA 85 -23 645 939
DB 85 -23 645 940
DC 85 -23 645 914
DD 13 0 660 939
DE 91 0 616 729
DF 70 -20 555 729
E0 42 -23 535 740
E1 42 -23 535 740
E2 42 -23 535 741
E3 42 -23 535 717
E4 42 -23 535 715
E5 42 -23 535 754
E6 34 -23 845 539
E7 31 -214 477 539
E8 40 -23 513 740
E9 40 -23 513 740
EA 40 -23 513 741
EB 40 -23 513 715
EC -5 0 204 740
ED 65 0 274 740
EE -7 0 280 741
EF 3 0 269 708
F0 36 -23 510 743
F1 70 0 487 717
F2 36 -23 510 740
F3 36 -23 510 740
F4 36 -23 510 741
F5 36 -23 510 717
F6 36 -23 510 715
F7 50 0 534 472
F8 18 -30 529 539
F9 65 -23 482 740
FA 65 -23 482 740
FB 65 -23 482 741
FC 65 -23 482 715
FD 20 -218 478 740
FE 54 -218 522 714
FF 20 -218 478 715
20AC 2 -22 543 709
201A 64 -128 158 104
192 11 -212 542 738
201E 47 -128 300 104
2026 115 0 885 104
2020 38 -177 513 709
2021 38 -177 513 709
2C6 20 591 307 741
2030 9 -22 993 738
160 48 -23 621 940
2039 91 106 243 438
152 43 -20 959 741
17D 28 0 583 940
2018 65 477 158 709
2019 65 497 158 729
201C 48 477 299 709
201D 49 477 302 709
2022 50 220 300 470
2013 -5 240 561 312
2014 -9 240 1001 312
2DC 5 613 319 717
2122 63 292 938 729
161 34 -23 459 741
203A 85 106 239 438
153 40 -23 899 539
17E 31 0 457 741
178 13 0 661 914
[Helvetica-Oblique]
20 0 0 0 0
21 124 0 363 729
22 177 464 455 709
23 54 -20 649 697
24 69 -126 613 770
25 134 -20 895 709
26 83 -23 644 709
27 173 464 292 709
28 113 -213 446 729
29 -7 -213 325 729
2A 169 438 471 729
2B 92 -11 591 473
2C 55 -150 214 103
2D 97 240 351 312
2E 87 0 213 103
2F -12 -20 434 729
30 99 -23 600 723
31 211 0 501 723
32 34 1 622 723
33 72 -23 602 723
34 64 0 574 723
35 70 -23 629 709
36 94 -23 614 723
37 137 0 671 709
38 75 -23 607 723
39 84 -23 602 723
3A 110 0 326 524
3B 78 -150 325 524
3C 87 -9 635 474
3D 74 111 609 355
3E 48 -9 596 474
3F 184 0 630 741
40 80 -142 1036 741
41 17 0 653 729
42 79 0 711 729
43 112 -23 770 741
44 89 0 759 729
45 90 0 751 729
46 90 0 734 729
47 109 -23 809 741
48 83 0 799 729
49 100 0 349 729
4A 47 -23 581 729
4B 79 0 813 729
4C 80 0 551 729
4D 75 0 916 729
4E 76 0 801 729
4F 104 -23 828 741
50 91 0 733 729
51 104 -59 828 741
52 93 0 770 729
53 89 -23 714 741
54 158 0 748 729
55 124 -23 800 729
56 185 0 800 729
57 177 0 1084 729
58 22 0 794 729
59 168 0 816 729
5A 28 0 737 729
5B 19 -213 405 729
5C 147 -20 280 729
5D -23 -213 364 729
5E 115 329 496 709
5F -59 -176 551 -126
60 179 592 357 740
61 65 -23 568 539
62 54 -23 588 729
63 76 -23 554 539
64 73 -23 650 729
65 84 -23 580 539
66 89 0 413 732
67 32 -218 601 539
68 70 0 574 729
69 66 0 305 729
6A -65 -218 308 729
6B 58 0 584 729
6C 68 0 307 729
6D 71 0 852 539
6E 70 0 574 539
6F 80 -23 576 539
70 7 -213 586 539
71 71 -213 607 539
72 69 0 436 539
73 61 -23 520 539
74 97 -23 366 668
75 88 -23 594 524
76 122 0 598 524
77 118 0 820 524
78 17 0 583 524
79 8 -218 590 524
7A 31 0 557 524
7B 91 -213 431 729
7C 54 -212 315 729
7D -16 -217 324 729
7E 137 268 594 438
A0 0 0 0 0
A1 76 -205 317 524
A2 96 -120 585 628
A3 44 -23 628 729
A4 110 133 593 556
A5 100 0 696 709
A6 54 -212 315 729
A7 63 -213 589 729
A8 159 612 446 715
A9 55 -22 836 742
AA 107 303 441 742
AB 147 106 548 438
AC 99 86 619 377
AD 97 240 351 312
AE 55 -22 836 742
AF 160 627 450 696
B0 188 383 491 686
B1 50 0 625 633
B2 71 284 439 709
B3 94 270 426 709
B4 218 592 458 740
B5 18 -220 593 524
B6 145 -178 677 729
B7 158 227 284 331
B8 1 -214 264 0
B9 176 284 364 709
BA 114 303 452 742
BB 121 106 518 438
BC 149 -20 846 709
BD 127 -20 874 709
BE 108 -20 844 709
BF 86 -217 531 524
C0 17 0 653 939
C1 17 0 667 939
C2 17 0 653 940
C3 17 0 680 918
C4 17 0 662 914
C5 17 0 653 953
C6 11 0 1087 729
C7 112 -214 770 741
C8 90 0 751 939
C9 90 0 751 939
CA 90 0 751 940
CB 90 0 751 914
CC 100 0 378 939
CD 100 0 479 939
CE 100 0 454 940
CF 100 0 467 907
D0 89 0 759 729
D1 76 0 801 918
D2 104 -23 828 939
D3 104 -23 828 939
D4 104 -23 828 940
D5 104 -23 828 918
D6 104 -23 828 914
D7 113 34 568 427
D8 32 -24 867 741
D9 124 -23 800 939
DA 124 -23 800 939
DB 124 -23 800 940
DC 124 -23 800 914
DD 168 0 816 939
DE 91 0 708 729
DF 70 -20 641 729
E0 65 -23 568 740
E1 65 -23 570 740
E2 65 -23 568 741
E3 65 -23 583 719
E4 65 -23 568 715
E5 65 -23 568 754
E6 59 -23 915 539
E7 76 -214 554 539
E8 84 -23 580 740
E9 84 -23 580 740
EA 84 -23 580 741
EB 84 -23 580 715
EC 94 0 330 740
ED 94 0 431 740
EE 94 0 406 741
EF 94 0 419 708
F0 80 -23 576 743
F1 70 0 589 719
F2 80 -23 576 740
F3 80 -23 576 740
F4 80 -23 576 741
F5 80 -23 583 719
F6 80 -23 576 715
F7 92 0 591 462
F8 19 -30 639 541
F9 88 -23 594 740
FA 88 -23 594 740
FB 88 -23 594 741
FC 88 -23 594 715
FD 8 -218 590 740
FE 7 -213 586 729
FF 8 -218 590 715
20AC 12 -22 636 709
201A 37 -128 180 103
192 -32 -212 696 738
201E 20 -128 322 103
2026 115 0 907 103
2020 127 -177 620 709
2021 51 -177 620 709
2C6 146 591 433 741
2030 93 -20 1024 738
160 89 -23 714 939
2039 140 106 336 438
152 101 -23 1108 741
17D 28 0 737 939
2018 163 477 308 709
2019 166 477 309 708
201C 146 477 449 709
201D 150 477 452 708
2022 120 220 376 470
2013 46 240 628 312
2014 42 240 1068 312
2DC 130 611 471 719
2122 208 292 1096 729
161 61 -23 547 740
203A 109 106 307 438
153 85 -23 966 539
17E 31 0 557 740
178 168 0 816 914
[Helvetica-Bold]
20 0 0 0 0
21 112 0 262 726
22 50 470 424 729
23 3 -32 553 697
24 22 -126 527 763
25 22 -20 863 709
26 55 -23 694 723
27 50 470 188 729
28 40 -200 303 729
29 22 -200 285 729
2A 23 407 356 729
2B 50 -10 533 473
2C 64 -174 218 146
2D 26 207 298 342
2E 64 0 214 146
2F 2 -14 275 714
30 29 -23 517 724
31 68 0 378 709
32 30 0 515 724
33 29 -23 516 724
34 24 0 522 709
35 27 -23 517 709
36 32 -23 519 724
37 29 0 528 709
38 22 -23 525 724
39 28 -24 516 724
3A 113 0 263 520
3B 113 -174 267 520
3C 40 -10 529 474
3D 50 52 534 411
3E 40 -10 529 474
3F 64 0 556 744
40 27 -137 947 745
41 26 0 703 729
42 82 0 666 729
43 44 -23 685 741
44 77 0 681 729
45 79 0 624 729
46 74 0 586 729
47 42 -23 711 741
48 68 0 657 729
49 63 0 213 729
4A 24 -23 486 729
4B 74 0 717 729
4C 80 0 579 729
4D 66 0 776 729
4E 68 0 661 729
4F 40 -23 742 741
50 76 0 633 729
51 43 -54 745 741
52 80 0 677 729
53 32 -23 633 741
54 14 0 598 729
55 76 -23 654 729
56 24 0 647 729
57 13 0 932 729
58 22 0 653 729
59 27 0 650 729
5A 30 0 578 729
5B 66 -200 308 729
5C -12 -14 289 714
5D 18 -200 260 729
5E 61 270 522 695
5F -22 -189 578 -120
60 17 607 213 757
61 28 -23 524 549
62 59 -23 575 729
63 34 -23 522 549
64 29 -23 545 729
65 22 -23 525 549
66 14 0 313 729
67 41 -218 533 549
68 67 0 541 729
69 67 0 207 729
6A 4 -218 210 729
6B 59 0 548 729
6C 67 0 207 729
6D 60 0 824 549
6E 63 0 546 549
6F 35 -23 569 549
70 58 -218 574 549
71 28 -218 544 549
72 63 0 370 549
73 29 -23 520 549
74 14 -23 301 674
75 58 -23 541 540
76 14 0 536 540
77 5 0 766 540
78 16 0 535 540
79 9 -219 538 540
7A 21 0 468 540
7B 37 -201 317 730
7C 100 -200 180 729
7D 72 -201 352 730
7E 60 265 519 437
A0 0 0 0 0
A1 66 -186 216 540
A2 37 -124 522 634
A3 31 -23 537 715
A4 26 100 530 604
A5 5 0 552 704
A6 100 -200 180 729
A7 33 -201 518 723
A8 18 621 314 743
A9 -14 -22 751 743
AA 30 262 329 729
AB 88 72 468 481
AC 40 86 544 375
AD 26 207 298 342
AE -14 -22 751 743
AF 16 640 315 719
B0 48 383 351 686
B1 56 -16 527 608
B2 7 284 319 718
B3 6 271 320 718
B4 121 607 317 757
B5 58 -220 573 540
B6 20 -191 529 729
B7 64 216 188 339
B8 27 -220 294 0
B9 31 284 233 709
BA 23 262 343 729
BB 88 72 462 481
BC 23 -20 806 715
BD 23 -20 829 715
BE 18 -20 813 718
BF 51 -204 544 540
C0 26 0 703 936
C1 26 0 703 936
C2 26 0 703 936
C3 26 0 703 928
C4 26 0 703 922
C5 26 0 703 949
C6 1 0 966 729
C7 44 -220 685 741
C8 79 0 624 936
C9 79 0 624 936
CA 79 0 624 936
CB 79 0 624 922
CC -10 0 213 936
CD 63 0 290 936
CE -19 0 299 936
CF -9 0 287 922
D0 0 0 681 729
D1 68 0 661 928
D2 40 -23 742 936
D3 40 -23 742 936
D4 40 -23 742 936
D5 40 -23 742 928
D6 40 -23 742 922
D7 79 18 505 444
D8 31 -39 755 749
D9 76 -23 654 936
DA 76 -23 654 936
DB 76 -23 654 936
DC 76 -23 654 922
DD 27 0 650 936
DE 76 0 633 729
DF 67 -17 575 729
E0 28 -23 524 757
E1 28 -23 524 757
E2 28 -23 524 757
E3 28 -23 524 749
E4 28 -23 524 743
E5 28 -23 524 770
E6 27 -24 857 549
E7 34 -220 522 549
E8 22 -23 525 757
E9 22 -23 525 757
EA 22 -23 525 757
EB 22 -23 525 743
EC -10 0 207 757
ED 67 0 290 757
EE -19 0 299 757
EF -9 0 287 743
F0 35 -23 569 744
F1 63 0 546 749
F2 35 -23 569 757
F3 35 -23 569 757
F4 35 -23 569 757
F5 35 -23 569 749
F6 35 -23 569 743
F7 50 -11 534 474
F8 11 -38 598 557
F9 58 -23 541 757
FA 58 -23 541 757
FB 58 -23 541 757
FC 58 -23 541 743
FD 9 -219 538 757
FE 58 -218 574 729
FF 9 -219 538 743
20AC 6 -23 546 724
201A 66 -135 205 125
192 21 -220 535 744
201E 72 -135 436 125
2026 92 0 908 146
2020 31 -194 523 709
2021 28 -194 520 709
2C6 8 607 326 757
2030 11 -22 990 739
160 32 -23 633 936
2039 83 72 250 481
152 28 -23 970 741
17D 30 0 578 936
2018 67 469 206 729
2019 66 469 205 729
201C 71 469 437 729
201D 73 469 444 729
2022 50 175 300 425
2013 -9 207 557 311
2014 -7 207 1003 311
2DC -9 621 345 749
2122 71 273 929 729
161 29 -23 520 757
203A 80 72 247 481
153 23 -23 920 549
17E 21 0 468 757
178 27 0 650 922
[Helvetica-BoldOblique]
20 0 0 0 0
21 112 0 417 726
22 177 470 579 729
23 33 -32 660 697
24 59 -126 628 763
25 129 -20 903 709
26 89 -23 720 723
27 177 470 343 729
28 84 -200 458 729
29 -21 -200 356 729
2A 145 407 478 729
2B 87 -10 596 473
2C 27 -174 245 146
2D 70 207 371 342
2E 64 0 245 146
2F -1 -14 427 714
30 81 -23 614 724
31 172 0 529 709
32 30 0 628 724
33 67 -23 613 724
34 57 0 599 709
35 59 -23 641 709
36 85 -23 625 724
37 131 0 679 709
38 60 -23 620 724
39 68 -23 611 724
3A 113 0 374 520
3B 76 -174 374 520
3C 77 -10 630 474
3D 61 52 622 412
3E 38 -10 591 474
3F 168 0 672 744
40 73 -137 1032 745
41 26 0 703 729
42 82 0 762 729
43 107 -23 793 741
44 77 0 776 729
45 79 0 762 729
46 74 0 741 729
47 107 -23 819 741
48 68 0 812 729
49 63 0 368 729
4A 59 -23 641 729
4B 74 0 843 729
4C 80 0 606 729
4D 66 0 931 729
4E 68 0 816 729
4F 106 -23 828 741
50 76 0 747 729
51 109 -54 831 741
52 80 0 785 729
53 76 -23 725 741
54 142 0 753 729
55 119 -23 809 729
56 179 0 802 729
57 168 0 1087 729
58 22 0 802 729
59 182 0 805 729
5A 30 0 733 729
5B 23 -200 463 729
5C 138 -23 285 709
5D -25 -200 415 729
5E 119 270 580 695
5F -65 -145 550 -76
60 175 607 339 757
61 50 -23 578 549
62 59 -23 640 729
63 77 -23 597 549
64 79 -23 700 729
65 64 -23 591 549
66 90 0 464 729
67 26 -218 656 549
68 67 0 629 729
69 67 0 362 729
6A -43 -218 365 729
6B 59 0 651 729
6C 67 0 362 729
6D 60 0 911 549
6E 63 0 629 549
6F 82 -23 634 549
70 11 -218 637 549
71 72 -218 659 549
72 63 0 487 549
73 60 -23 589 549
74 101 -23 414 674
75 88 -23 656 540
76 129 0 651 540
77 120 0 881 540
78 16 0 648 540
79 37 -219 653 540
7A 21 0 575 540
7B 84 -200 472 729
7C 57 -200 335 729
7D 29 -200 419 729
7E 97 265 581 437
A0 0 0 0 0
A1 26 -186 331 540
A2 79 -124 598 634
A3 49 -23 629 715
A4 66 100 644 604
A5 107 0 702 704
A6 57 -200 335 729
A7 56 -201 596 723
A8 147 621 469 741
A9 54 -22 837 743
AA 96 262 451 729
AB 135 72 571 481
AC 103 86 632 376
AD 70 207 371 342
AE 55 -22 837 743
AF 150 642 467 722
B0 164 383 467 686
B1 50 0 630 633
B2 68 284 443 718
B3 91 271 434 718
B4 247 607 475 757
B5 11 -220 655 540
B6 121 -191 684 729
B7 110 216 260 339
B8 -13 -220 270 0
B9 154 284 382 709
BA 92 262 471 729
BB 103 72 533 481
BC 146 -20 848 715
BD 139 -20 892 715
BE 103 -20 855 718
BF 52 -204 556 540
C0 26 0 703 936
C1 26 0 714 936
C2 26 0 703 936
C3 26 0 739 923
C4 26 0 708 920
C5 26 0 703 953
C6 1 0 1104 729
C7 107 -220 793 741
C8 79 0 762 936
C9 79 0 762 936
CA 79 0 762 936
CB 79 0 762 920
CC 63 0 368 936
CD 63 0 489 936
CE 63 0 467 936
CF 63 0 483 920
D0 73 0 776 729
D1 68 0 816 923
D2 106 -23 828 936
D3 106 -23 828 936
D4 106 -23 828 936
D5 106 -23 828 923
D6 106 -23 828 920
D7 102 18 582 444
D8 34 -39 906 749
D9 119 -23 809 936
DA 119 -23 809 936
DB 119 -23 809 936
DC 119 -23 809 920
DD 182 0 805 936
DE 76 0 721 729
DF 67 -23 654 729
E0 50 -23 578 757
E1 50 -23 587 757
E2 50 -23 578 757
E3 50 -23 612 744
E4 50 -23 581 741
E5 50 -23 578 773
E6 54 -23 927 549
E7 77 -220 597 549
E8 64 -23 591 757
E9 64 -23 591 757
EA 64 -23 591 757
EB 64 -23 591 741
EC 67 0 322 757
ED 67 0 448 757
EE 67 0 426 757
EF 67 0 442 741
F0 83 -23 633 744
F1 63 0 646 744
F2 82 -23 634 757
F3 82 -23 634 757
F4 82 -23 634 757
F5 82 -23 639 744
F6 82 -23 634 741
F7 77 0 606 462
F8 12 -38 709 557
F9 88 -23 656 757
FA 88 -23 656 757
FB 88 -23 656 757
FC 88 -23 656 741
FD 37 -219 653 757
FE 11 -218 637 729
FF 37 -219 653 741
20AC 21 -23 648 724
201A 37 -135 228 125
192 -21 -220 690 744
201E 37 -135 462 125
2026 92 0 939 146
2020 109 -194 626 709
2021 35 -194 623 709
2C6 135 610 453 757
2030 72 -21 1021 739
160 76 -23 725 936
2039 128 72 351 481
152 90 -23 1107 741
17D 30 0 733 936
2018 167 469 357 729
2019 165 469 356 729
201C 171 469 588 729
201D 173 469 595 729
2022 111 175 367 425
2013 35 207 624 311
2014 37 207 1070 311
2DC 117 622 500 744
2122 213 273 1087 729
161 60 -23 597 757
203A 96 72 319 481
153 71 -23 986 549
17E 21 0 575 757
178 182 0 805 920
[Courier]
20 0 0 0 0
21 235 -15 366 616
22 140 309 460 603
23 87 -61 514 645
24 108 -90 493 652
25 84 -12 515 610
26 100 -16 484 520
27 230 309 370 603
28 289 -122 464 603
29 142 -122 317 603
2A 108 245 493 603
2B 67 31 534 530
2C 130 -142 349 153
2D 67 252 534 303
2E 221 -15 380 124
2F 108 -79 493 665
30 108 -15 493 616
31 108 0 493 613
32 79 0 484 616
33 91 -15 504 616
34 100 0 484 603
35 91 -15 505 603
36 131 -15 516 616
37 100 -1 484 603
38 108 -15 493 616
39 131 -15 516 616
3A 221 -15 380 418
3B 134 -142 356 418
3C 60 44 528 519
3D 46 186 555 378
3E 66 44 534 519
3F 129 -15 493 576
40 100 -61 484 622
41 4 0 597 563
42 38 0 547 563
43 58 -16 540 575
44 38 -1 526 564
45 38 0 526 563
46 38 0 526 563
47 58 -16 568 575
48 48 0 556 563
49 108 0 493 563
4A 79 -16 589 563
4B 38 0 578 563
4C 58 0 547 563
4D 6 0 599 563
4E 17 0 568 563
4F 46 -16 555 575
50 38 0 505 563
51 46 -113 555 575
52 38 0 595 563
53 87 -16 514 575
54 67 0 534 563
55 35 -16 566 563
56 4 0 597 563
57 15 0 586 563
58 35 0 566 563
59 46 0 555 563
5A 98 0 503 563
5B 275 -122 451 603
5C 108 -79 493 665
5D 150 -122 326 603
5E 108 347 493 616
5F -17 -116 618 -65
60 150 480 326 637
61 67 -16 547 433
62 17 -16 547 603
63 79 -16 541 433
64 58 -16 589 603
65 58 -16 526 433
66 100 0 547 603
67 58 -187 568 433
68 38 0 557 603
69 87 0 514 622
6A 142 -184 466 622
6B 58 0 547 603
6C 87 0 514 603
6D 6 0 599 433
6E 48 0 546 433
6F 67 -16 534 433
70 17 -182 547 433
71 58 -182 589 433
72 79 0 547 429
73 98 -16 503 433
74 38 -16 505 562
75 38 -16 547 419
76 25 0 576 419
77 25 0 576 419
78 46 0 555 419
79 46 -182 555 419
7A 110 0 495 419
7B 192 -122 409 603
7C 275 -250 326 825
7D 192 -122 409 603
7E 87 208 514 352
A0 0 0 0 0
A1 235 -211 366 419
A2 108 -13 475 628
A3 58 0 526 577
A4 98 93 503 490
A5 46 0 555 563
A6 275 -122 326 603
A7 61 -61 540 603
A8 135 501 467 610
A9 -2 -15 601 577
AA 150 274 453 573
AB 55 0 546 419
AC 67 165 534 440
AD 67 252 534 303
AE -2 -15 601 577
AF 150 525 451 575
B0 150 339 451 634
B1 67 0 534 530
B2 172 256 407 611
B3 178 248 418 611
B4 275 480 451 637
B5 38 -196 547 419
B6 74 -61 531 603
B7 221 213 380 352
B8 205 -169 383 11
B9 188 256 412 611
BA 149 279 454 576
BB 58 0 549 419
BC 13 0 582 611
BD 20 0 575 611
BE 3 0 583 611
BF 108 -171 472 419
C0 4 0 597 784
C1 4 0 597 784
C2 4 0 597 785
C3 4 0 597 750
C4 4 0 597 757
C5 4 0 597 805
C6 5 0 596 563
C7 58 -169 540 575
C8 38 0 526 784
C9 38 0 526 784
CA 38 0 526 785
CB 38 0 526 757
CC 108 0 493 784
CD 108 0 493 784
CE 108 0 493 785
CF 108 0 493 757
D0 -5 -3 526 566
D1 17 0 568 750
D2 46 -16 555 784
D3 46 -16 555 784
D4 46 -16 555 785
D5 46 -16 555 750
D6 46 -16 555 757
D7 113 98 487 465
D8 35 -42 566 604
D9 35 -16 566 784
DA 35 -16 566 784
DB 35 -16 566 785
DC 35 -16 566 757
DD 46 0 555 784
DE 38 0 505 563
DF 38 -16 505 603
E0 67 -16 547 637
E1 67 -16 547 637
E2 67 -16 547 638
E3 67 -16 547 603
E4 67 -16 547 610
E5 67 -16 547 658
E6 7 -16 584 433
E7 79 -169 541 433
E8 58 -16 526 637
E9 58 -16 526 637
EA 58 -16 526 638
EB 58 -16 526 610
EC 87 0 514 637
ED 87 0 514 637
EE 87 0 514 638
EF 87 0 514 610
F0 67 -17 534 618
F1 48 0 546 603
F2 67 -16 534 637
F3 67 -16 534 637
F4 67 -16 534 638
F5 67 -16 534 603
F6 67 -16 534 610
F7 67 24 534 540
F8 48 -42 549 460
F9 38 -16 547 637
FA 38 -16 547 637
FB 38 -16 547 638
FC 38 -16 547 610
FD 46 -182 555 637
FE 17 -182 547 589
FF 46 -182 555 610
20AC -31 -16 539 575
201A 130 -142 349 153
192 82 -91 524 616
201E 88 -114 517 153
2026 46 -15 555 93
2020 119 -61 482 602
2021 119 -61 482 602
2C6 150 480 451 638
2030 31 -9 566 613
160 87 -16 514 784
2039 55 0 317 419
152 5 0 596 563
17D 98 0 503 784
2018 245 338 464 600
2019 130 308 349 603
201C 87 338 510 600
201D 88 336 517 603
2022 147 153 442 453
2013 67 255 534 306
2014 -4 256 605 307
2DC 140 506 461 603
2122 -1 238 604 563
161 98 -16 503 637
203A 288 0 549 419
153 7 -16 584 433
17E 110 0 495 637
178 46 0 555 757
[Courier-Oblique]
20 0 0 0 0
21 241 -15 469 616
22 249 309 590 603
23 132 -61 595 645
24 126 -90 588 653
25 134 -12 593 610
26 127 -16 533 520
27 339 309 500 603
28 330 -122 589 603
29 119 -122 378 603
2A 206 245 592 603
2B 126 32 594 530
2C 105 -142 382 153
2D 126 253 594 304
2E 230 -15 392 124
2F 94 -79 631 665
30 151 -15 577 616
31 112 0 498 613
32 77 0 577 616
33 105 -15 585 616
34 134 0 551 603
35 108 -15 590 603
36 179 -15 637 616
37 210 -1 613 603
38 138 -15 582 616
39 137 -15 595 616
3A 230 -15 456 418
3B 109 -142 432 418
3C 60 44 528 519
3D 90 186 631 378
3E 66 44 534 519
3F 226 -15 587 576
40 134 -61 567 622
41 8 0 602 563
42 42 0 597 563
43 105 -16 641 575
44 42 0 598 563
45 42 0 626 563
46 42 0 647 563
47 103 -16 642 575
48 52 0 652 563
49 112 0 609 563
4A 94 -16 704 563
4B 42 0 668 563
4C 62 0 591 563
4D 10 0 706 563
4E 41 0 684 563
4F 97 -16 622 575
50 42 0 593 563
51 97 -113 622 575
52 42 0 600 563
53 91 -16 608 575
54 147 0 655 563
55 131 -16 682 563
56 119 0 713 563
57 116 0 701 563
58 39 0 668 563
59 148 0 671 563
5A 96 0 596 563
5B 247 -122 575 603
5C 245 -79 480 665
5D 127 -122 455 603
5E 108 347 493 616
5F -17 -116 618 -65
60 281 480 435 637
61 88 -16 552 433
62 21 -16 597 603
63 117 -16 602 433
64 97 -16 637 603
65 99 -16 576 433
66 104 0 669 603
67 100 -187 653 433
68 50 0 562 603
69 91 0 519 622
6A 107 -184 554 622
6B 62 0 584 603
6C 91 0 519 603
6D 10 0 609 433
6E 52 0 552 433
6F 106 -16 583 433
70 -18 -182 599 433
71 100 -182 674 433
72 83 0 625 429
73 103 -16 564 433
74 122 -16 524 562
75 122 -16 576 419
76 109 0 661 419
77 109 0 661 419
78 50 0 617 419
79 17 -182 640 419
7A 108 0 569 419
7B 243 -122 534 603
7C 275 -250 326 825
7D 170 -122 461 603
7E 87 208 514 352
A0 0 0 0 0
A1 217 -212 445 419
A2 170 -13 570 628
A3 85 0 547 577
A4 122 93 603 490
A5 156 0 671 563
A6 275 -122 326 603
A7 84 -61 630 603
A8 253 501 587 609
A9 52 -15 669 577
AA 223 273 516 573
AB 100 0 631 419
AC 67 165 534 440
AD 126 253 594 304
AE 52 -15 669 577
AF 268 525 570 575
B0 252 339 559 634
B1 71 0 603 529
B2 227 256 517 611
B3 242 248 518 611
B4 383 480 583 637
B5 38 -196 547 419
B6 147 -61 654 603
B7 280 213 442 352
B8 176 -169 362 11
B9 246 256 471 612
BA 237 278 548 576
BB 62 0 593 419
BC 72 0 646 612
BD 79 0 629 612
BE 67 0 622 611
BF 100 -172 461 419
C0 8 0 602 784
C1 8 0 602 784
C2 8 0 602 785
C3 8 0 602 750
C4 8 0 602 756
C5 8 0 602 805
C6 9 0 697 563
C7 105 -169 641 575
C8 42 0 626 784
C9 42 0 626 784
CA 42 0 626 785
CB 42 0 626 756
CC 112 0 609 784
CD 112 0 609 784
CE 112 0 609 785
CF 112 0 619 756
D0 42 -3 598 563
D1 41 0 684 750
D2 97 -16 622 784
D3 97 -16 622 784
D4 97 -16 622 785
D5 98 -16 624 750
D6 97 -16 622 756
D7 138 98 583 465
D8 29 -42 691 604
D9 131 -16 682 784
DA 131 -16 682 784
DB 131 -16 682 785
DC 131 -16 682 756
DD 148 0 671 784
DE 42 0 572 563
DF 42 -16 545 603
E0 88 -16 552 637
E1 88 -16 552 637
E2 88 -16 552 638
E3 88 -16 575 603
E4 88 -16 577 609
E5 88 -16 552 658
E6 31 -16 636 433
E7 117 -169 602 433
E8 99 -16 576 637
E9 99 -16 576 637
EA 99 -16 576 638
EB 99 -16 592 609
EC 91 0 519 637
ED 91 0 541 637
EE 90 0 543 638
EF 91 0 574 609
F0 106 -17 588 618
F1 52 0 576 603
F2 106 -16 583 637
F3 106 -16 583 637
F4 106 -16 583 638
F5 106 -16 592 603
F6 106 -16 587 609
F7 126 25 594 540
F8 42 -42 643 460
F9 122 -16 576 637
FA 122 -16 576 637
FB 122 -16 576 638
FC 122 -16 579 609
FD 17 -182 640 637
FE -18 -182 599 589
FF 17 -182 640 609
20AC 55 -16 640 575
201A 105 -142 382 153
192 69 -91 649 616
201E 68 -113 549 153
2026 52 -15 563 93
2020 203 -61 567 602
2021 179 -61 567 602
2C6 258 480 560 638
2030 88 -9 600 613
160 91 -16 625 784
2039 100 0 402 419
152 57 0 697 563
17D 96 0 611 784
2018 375 338 544 600
2019 202 308 479 603
201C 216 338 589 600
201D 165 337 646 603
2022 147 153 442 453
2013 126 256 594 307
2014 55 256 665 307
2DC 253 506 585 603
2122 85 238 716 563
161 102 -16 590 637
203A 292 0 593 419
153 45 -16 636 433
17E 108 0 581 637
178 148 0 671 756
[Courier-Bold]
20 0 0 0 0
21 216 -14 385 617
22 131 298 468 583
23 58 -88 542 653
24 79 -117 521 661
25 80 -14 521 596
26 71 -13 512 533
27 231 298 368 583
28 260 -146 492 611
29 113 -146 345 611
2A 79 199 521 601
2B 38 0 562 541
2C 143 -151 358 136
2D 38 218 562 322
2E 221 -14 379 120
2F 79 -108 521 671
30 79 -14 521 617
31 79 0 521 617
32 50 0 512 617
33 62 -14 533 617
34 71 0 512 601
35 62 -14 533 601
36 101 -14 544 617
37 71 -1 512 601
38 79 -14 521 617
39 102 -14 545 617
3A 221 -14 379 424
3B 143 -151 358 424
3C 15 51 565 488
3D 38 132 562 411
3E 26 51 576 488
3F 100 -14 521 579
40 72 -145 513 600
41 -25 0 625 564
42 9 0 575 564
43 29 -13 568 578
44 9 -4 554 566
45 9 0 554 564
46 9 0 554 564
47 29 -13 596 578
48 19 0 585 564
49 79 0 521 564
4A 50 -13 617 564
4B 9 0 606 564
4C 29 0 575 564
4D -23 0 627 564
4E -12 0 596 564
4F 17 -13 583 578
50 9 0 533 564
51 17 -138 583 578
52 9 0 623 564
53 58 -13 542 578
54 38 0 562 564
55 6 -13 594 564
56 -25 0 625 564
57 -14 0 614 564
58 6 0 594 564
59 17 0 583 564
5A 69 0 531 564
5B 246 -141 479 606
5C 79 -108 521 671
5D 121 -141 354 606
5E 75 306 525 635
5F -46 -143 646 -33
60 121 474 354 672
61 38 -15 575 437
62 -12 -13 575 603
63 50 -15 569 437
64 29 -13 617 603
65 29 -15 554 437
66 71 0 575 603
67 29 -196 596 438
68 9 0 585 603
69 58 0 542 602
6A 113 -196 493 602
6B 29 0 575 603
6C 58 0 542 603
6D -23 0 627 437
6E 19 0 575 437
6F 38 -15 562 437
70 -12 -196 575 437
71 29 -196 617 437
72 50 0 575 437
73 69 -15 531 437
74 9 -15 533 572
75 9 -12 575 425
76 -4 0 604 425
77 -4 0 604 425
78 17 0 583 425
79 17 -196 583 425
7A 81 0 523 425
7B 163 -146 437 602
7C 242 -250 358 825
7D 163 -146 437 602
7E 54 184 546 395
A0 0 0 0 0
A1 216 -217 385 415
A2 79 -42 503 639
A3 29 0 554 579
A4 69 61 531 503
A5 17 0 583 561
A6 242 -144 358 602
A7 32 -162 568 564
A8 132 510 468 632
A9 -11 -14 610 579
AA 114 260 493 576
AB 26 19 575 404
AC 67 165 534 440
AD 38 218 562 322
AE -11 -14 610 579
AF 121 521 479 605
B0 121 232 479 577
B1 38 0 562 603
B2 149 238 429 615
B3 157 230 442 615
B4 246 474 479 672
B5 5 -144 579 428
B6 45 -166 565 565
B7 221 204 379 338
B8 176 -219 411 8
B9 166 238 434 616
BA 127 261 475 576
BB 29 19 578 404
BC 6 -26 582 636
BD 6 -26 596 636
BE 6 -26 583 633
BF 79 -217 500 376
C0 -25 0 625 809
C1 -25 0 625 809
C2 -25 0 625 810
C3 -25 0 625 770
C4 -25 0 625 770
C5 -25 0 625 839
C6 -24 0 618 564
C7 29 -219 568 578
C8 9 0 554 809
C9 9 0 554 809
CA 9 0 554 810
CB 9 0 554 770
CC 79 0 521 809
CD 79 0 521 809
CE 79 0 521 810
CF 79 0 521 770
D0 -4 -4 554 566
D1 -12 0 596 770
D2 17 -13 583 809
D3 17 -13 583 809
D4 17 -13 583 810
D5 17 -13 583 770
D6 17 -13 583 770
D7 96 76 504 466
D8 5 -67 594 617
D9 6 -13 594 809
DA 6 -13 594 809
DB 6 -13 594 810
DC 6 -13 594 770
DD 17 0 583 809
DE 10 0 527 564
DF 9 -15 533 602
E0 38 -15 575 672
E1 38 -15 575 672
E2 38 -15 575 673
E3 38 -15 575 634
E4 38 -15 575 632
E5 38 -15 575 702
E6 -17 -16 616 437
E7 50 -219 569 437
E8 29 -15 554 672
E9 29 -15 554 672
EA 29 -15 554 673
EB 29 -15 554 632
EC 58 0 542 672
ED 58 0 542 672
EE 58 0 542 673
EF 58 0 542 632
F0 38 -15 562 624
F1 19 0 575 634
F2 38 -15 562 672
F3 38 -15 562 672
F4 38 -15 562 673
F5 38 -15 562 634
F6 38 -15 562 632
F7 38 26 562 516
F8 19 -67 577 479
F9 9 -12 575 672
FA 9 -12 575 672
FB 9 -12 575 673
FC 9 -12 575 632
FD 17 -196 583 672
FE -12 -196 575 603
FF 17 -196 583 632
20AC 0 -13 541 578
201A 143 -151 358 136
192 53 -117 552 616
201E 83 -114 498 136
2026 21 -14 579 120
2020 90 -87 510 601
2021 90 -88 510 601
2C6 121 474 480 673
2030 0 0 600 597
160 58 -13 542 808
2039 26 19 346 404
152 -24 0 616 564
17D 69 0 531 808
2018 241 337 460 592
2019 143 316 358 602
201C 88 337 510 592
201D 83 333 498 583
2022 147 153 442 453
2013 38 218 562 322
2014 -33 218 633 322
2DC 111 499 489 634
2122 -1 216 601 558
161 69 -15 531 672
203A 259 19 578 404
153 -15 -15 617 437
17E 81 0 523 672
178 17 0 583 770
[Courier-BoldOblique]
20 0 0 0 0
21 230 -14 505 617
22 239 298 598 583
23 97 -88 627 653
24 96 -117 614 661
25 131 -14 599 596
26 98 -13 561 533
27 339 298 498 583
28 300 -146 617 611
29 90 -146 407 611
2A 174 199 618 601
2B 97 0 623 541
2C 114 -151 387 136
2D 97 218 623 322
2E 230 -14 391 120
2F 65 -108 660 671
30 126 -14 606 617
31 89 0 533 618
32 49 0 606 617
33 76 -14 613 617
34 99 0 584 601
35 79 -14 614 601
36 150 -14 667 617
37 180 -1 645 601
38 110 -14 612 617
39 111 -14 628 617
3A 230 -14 459 424
3B 114 -151 435 425
3C 15 51 565 488
3D 77 132 642 411
3E 26 51 576 488
3F 193 -14 612 579
40 94 -145 586 600
41 -15 0 637 564
42 18 0 624 564
43 76 -13 667 578
44 19 -5 626 564
45 19 0 657 564
46 19 0 679 564
47 75 -13 671 578
48 28 0 679 564
49 89 0 636 564
4A 59 -13 731 564
4B 18 0 691 564
4C 38 0 620 564
4D -14 0 732 564
4E 17 0 710 564
4F 71 -13 653 578
50 19 0 621 564
51 71 -138 653 578
52 19 0 635 564
53 68 -13 638 578
54 117 0 687 564
55 106 -13 709 564
56 87 0 739 564
57 94 0 729 564
58 15 0 696 564
59 124 0 698 564
5A 68 0 633 564
5B 214 -141 602 606
5C 215 -108 508 671
5D 100 -141 488 606
5E 75 306 525 635
5F -46 -143 646 -33
60 260 474 468 672
61 61 -15 587 437
62 -2 -13 627 603
63 89 -15 630 437
64 70 -13 669 603
65 70 -15 604 437
66 80 0 695 603
67 69 -196 679 438
68 29 0 597 603
69 68 0 554 602
6A 79 -196 586 602
6B 38 0 610 603
6C 68 0 554 603
6D -13 0 639 437
6E 29 0 587 437
6F 80 -15 613 437
70 -46 -196 627 437
71 71 -196 700 437
72 60 0 654 437
73 79 -15 596 437
74 90 -15 551 572
75 90 -12 608 425
76 77 0 687 425
77 78 0 688 425
78 26 0 645 425
79 -17 -196 666 425
7A 80 0 604 425
7B 213 -146 560 602
7C 242 -250 358 825
7D 140 -146 487 602
7E 54 184 546 395
A0 0 0 0 0
A1 182 -217 457 415
A2 140 -42 597 639
A3 60 0 575 579
A4 92 61 630 503
A5 129 0 697 561
A6 242 -144 358 602
A7 40 -168 648 564
A8 257 510 596 632
A9 44 -14 679 579
AA 191 260 563 576
AB 73 19 658 404
AC 67 165 534 440
AD 97 218 623 322
AE 44 -14 679 579
AF 245 521 604 605
B0 206 232 572 577
B1 48 0 644 603
B2 202 238 538 615
B3 218 230 543 615
B4 358 474 620 672
B5 5 -144 579 428
B6 104 -166 676 565
B7 279 204 440 338
B8 139 -219 385 8
B9 224 238 494 616
BA 215 261 570 576
BB 39 19 624 404
BC 64 -26 614 636
BD 64 -26 645 636
BE 65 -26 614 632
BF 66 -217 485 376
C0 -15 0 637 809
C1 -15 0 637 809
C2 -15 0 637 810
C3 -15 0 637 770
C4 -15 0 637 769
C5 -15 0 637 839
C6 -14 0 722 564
C7 76 -219 667 578
C8 19 0 657 809
C9 19 0 657 809
CA 19 0 657 810
CB 19 0 657 769
CC 89 0 636 809
CD 89 0 636 808
CE 89 0 636 810
CF 89 0 636 769
D0 19 -5 626 564
D1 17 0 710 770
D2 71 -13 653 809
D3 71 -13 653 809
D4 71 -13 653 810
D5 71 -13 660 770
D6 71 -13 653 769
D7 122 76 596 466
D8 0 -67 721 617
D9 106 -13 709 809
DA 106 -13 709 809
DB 106 -13 709 810
DC 106 -13 709 769
DD 124 0 698 809
DE 19 0 592 564
DF 18 -15 573 602
E0 61 -15 587 672
E1 62 -15 588 672
E2 61 -15 587 673
E3 61 -15 616 634
E4 61 -15 587 632
E5 61 -15 587 702
E6 10 -16 669 437
E7 88 -219 630 437
E8 70 -15 604 672
E9 70 -15 604 672
EA 70 -15 604 673
EB 70 -15 604 632
EC 68 0 554 672
ED 67 0 578 672
EE 68 0 577 673
EF 68 0 579 632
F0 79 -15 621 624
F1 29 0 617 634
F2 80 -15 613 672
F3 80 -15 613 672
F4 80 -15 613 673
F5 80 -15 630 634
F6 80 -15 613 632
F7 97 26 623 516
F8 13 -67 673 479
F9 90 -12 608 672
FA 90 -12 608 672
FB 90 -12 608 673
FC 90 -12 608 632
FD -17 -196 666 672
FE -46 -196 627 603
FF -17 -196 666 632
20AC 49 -13 642 578
201A 114 -151 387 136
192 39 -117 676 616
201E 62 -114 528 136
2026 30 -14 591 120
2020 171 -87 593 601
2021 138 -87 593 601
2C6 233 474 594 673
2030 104 0 627 597
160 68 -13 664 808
2039 73 19 429 404
152 30 0 722 564
17D 68 0 651 808
2018 372 338 544 592
2019 218 316 491 602
201C 219 338 594 592
201D 162 333 628 583
2022 147 153 442 453
2013 97 218 623 322
2014 26 218 694 322
2DC 229 499 623 634
2122 89 216 714 558
161 79 -15 631 672
203A 269 19 624 404
153 24 -15 670 437
17E 80 0 623 672
178 124 0 698 769
[Times-Roman]
20 0 0 0 0
21 130 -9 238 676
22 77 431 331 676
23 5 0 496 662
24 44 -87 457 727
25 61 -13 772 676
26 42 -13 750 676
27 48 431 133 676
28 48 -177 304 676
29 29 -177 285 676
2A 69 265 432 676
2B 30 0 534 506
2C 56 -141 195 102
2D 39 194 285 257
2E 70 -11 181 100
2F -9 -14 287 676
30 24 -14 476 676
31 111 0 394 676
32 30 0 475 676
33 43 -14 431 676
34 12 0 472 676
35 32 -14 438 688
36 34 -14 468 684
37 20 -8 449 662
38 56 -14 445 676
39 30 -22 459 676
3A 81 -11 192 459
3B 80 -141 219 459
3C 76 50 488 596
3D 30 120 534 386
3E 76 50 488 596
3F 68 -8 414 676
40 116 -14 809 676
41 15 0 706 674
42 17 0 593 662
43 28 -14 633 676
44 16 0 685 662
45 12 0 597 662
46 12 0 546 662
47 32 -14 709 676
48 19 0 702 662
49 18 0 315 662
4A 10 -14 370 662
4B 34 0 723 662
4C 12 0 598 662
4D 12 0 863 662
4E 12 -11 707 662
4F 34 -14 688 676
50 16 0 542 662
51 34 -178 701 676
52 17 0 659 662
53 42 -14 491 676
54 17 0 593 662
55 14 -14 705 662
56 16 -11 697 662
57 5 -11 932 662
58 10 0 704 662
59 22 0 703 662
5A 9 0 597 662
5B 88 -156 299 662
5C -9 -14 287 676
5D 34 -156 245 662
5E 25 295 444 657
5F 2 -132 499 -82
60 19 507 242 678
61 37 -10 442 460
62 3 -10 468 683
63 25 -10 412 460
64 27 -10 491 683
65 25 -10 424 460
66 20 0 383 683
67 28 -218 470 460
68 9 0 487 683
69 16 0 253 683
6A -70 -218 194 683
6B 7 0 505 683
6C 19 0 257 683
6D 16 0 775 460
6E 16 0 485 460
6F 29 -10 470 460
70 5 -217 470 460
71 24 -217 488 460
72 5 0 335 460
73 51 -10 348 460
74 13 -10 279 579
75 9 -10 479 450
76 19 -14 477 450
77 21 -14 694 450
78 17 0 479 450
79 14 -218 475 450
7A 27 0 418 450
7B 100 -181 350 680
7C 67 -249 133 749
7D 130 -181 380 680
7E 42 198 501 331
A0 0 0 0 0
A1 97 -218 205 467
A2 53 -138 448 579
A3 12 -8 490 676
A4 -22 58 522 602
A5 -53 0 512 662
A6 67 -152 133 639
A7 70 -148 426 676
A8 18 523 315 623
A9 38 -14 722 676
AA 4 394 270 676
AB 42 33 456 416
AC 30 105 534 398
AD 39 194 285 257
AE 38 -14 722 676
AF 11 547 322 601
B0 57 390 343 676
B1 30 0 534 568
B2 1 270 296 676
B3 15 262 291 676
B4 93 507 317 678
B5 37 -217 509 447
B6 -22 -154 450 662
B7 70 199 181 310
B8 52 -215 261 0
B9 57 270 248 676
BA 6 394 304 676
BB 44 33 458 416
BC 37 -14 718 676
BD 31 -14 746 676
BE 15 -14 718 676
BF 30 -218 376 466
C0 15 0 706 890
C1 15 0 706 890
C2 15 0 706 886
C3 15 0 706 850
C4 15 0 706 835
C5 15 0 706 915
C6 0 0 863 662
C7 28 -215 633 676
C8 12 0 597 890
C9 12 0 597 890
CA 12 0 597 886
CB 12 0 597 835
CC 18 0 315 890
CD 18 0 317 890
CE 11 0 322 886
CF 18 0 315 835
D0 16 0 685 662
D1 12 -11 707 850
D2 34 -14 688 890
D3 34 -14 688 890
D4 34 -14 688 886
D5 34 -14 688 850
D6 34 -14 688 835
D7 38 8 527 497
D8 34 -80 688 734
D9 14 -14 705 890
DA 14 -14 705 890
DB 14 -14 705 886
DC 14 -14 705 835
DD 22 0 703 890
DE 16 0 542 662
DF 12 -9 468 683
E0 37 -10 442 678
E1 37 -10 442 678
E2 37 -10 442 674
E3 37 -10 442 638
E4 37 -10 442 623
E5 37 -10 442 722
E6 38 -10 632 460
E7 25 -215 412 460
E8 25 -10 424 678
E9 25 -10 424 678
EA 25 -10 424 674
EB 25 -10 424 623
EC -8 0 253 678
ED 16 0 290 678
EE -16 0 295 674
EF 11 0 268 623
F0 29 -10 471 686
F1 16 0 485 638
F2 29 -10 470 678
F3 29 -10 470 678
F4 29 -10 470 674
F5 29 -10 470 638
F6 29 -10 470 623
F7 30 -10 534 516
F8 29 -112 470 551
F9 9 -10 479 678
FA 9 -10 479 678
FB 9 -10 479 674
FC 9 -10 479 623
FD 14 -218 475 678
FE 5 -217 470 683
FF 14 -218 475 623
20AC -16 -14 477 674
201A 79 -141 218 102
192 7 -189 490 676
201E 45 -141 416 102
2026 111 -11 888 100
2020 59 -149 442 676
2021 58 -153 442 676
2C6 11 507 322 674
2030 7 -19 994 706
160 42 -14 491 886
2039 63 33 285 416
152 30 -6 885 668
17D 9 0 597 886
2018 115 433 254 676
2019 79 433 218 676
201C 43 433 414 676
201D 30 433 401 676
2022 41 195 309 463
2013 0 201 500 250
2014 0 201 1000 250
2DC 1 532 331 638
2122 30 256 957 662
161 39 -10 350 674
203A 48 33 270 416
153 30 -10 690 460
17E 27 0 418 674
178 22 0 703 835
[Times-Italic]
20 0 0 0 0
21 39 -11 302 667
22 144 421 432 666
23 2 0 540 676
24 31 -89 497 731
25 79 -13 790 676
26 76 -18 723 666
27 132 421 241 666
28 42 -181 315 669
29 16 -180 289 669
2A 128 255 492 666
2B 86 0 590 506
2C -4 -129 135 101
2D 49 192 282 255
2E 27 -11 138 100
2F -65 -18 386 666
30 32 -7 497 676
31 49 0 409 676
32 12 0 452 676
33 15 -7 465 676
34 1 0 479 676
35 15 -7 491 666
36 30 -7 521 686
37 75 -8 537 666
38 30 -7 493 676
39 23 -17 492 676
3A 50 -11 261 441
3B 27 -129 261 441
3C 134 50 621 596
3D 86 120 590 386
3E 94 50 581 596
3F 132 -12 472 664
40 118 -18 806 666
41 -51 0 564 668
42 -8 0 588 653
43 66 -18 689 666
44 -8 0 700 653
45 -1 0 634 653
46 8 0 645 653
47 52 -18 722 666
48 -8 0 767 653
49 -8 0 384 653
4A -6 -18 491 653
4B 7 0 722 653
4C -8 0 559 653
4D -18 0 873 653
4E -20 -15 727 653
4F 60 -18 706 666
50 0 0 605 653
51 59 -182 699 666
52 -13 0 588 653
53 17 -18 508 667
54 59 0 633 653
55 102 -18 765 653
56 76 -18 688 653
57 71 -18 906 653
58 -29 0 655 653
59 78 0 633 653
5A -6 0 606 653
5B 21 -153 391 663
5C -41 -18 319 666
5D 12 -153 382 663
5E 43 303 438 650
5F -26 -130 470 -80
60 121 492 311 664
61 17 -11 476 441
62 23 -11 473 683
63 30 -11 425 441
64 15 -13 527 683
65 31 -11 412 441
66 -147 -207 424 678
67 8 -206 472 441
68 19 -9 478 683
69 49 -11 264 654
6A -124 -207 276 654
6B 14 -11 461 683
6C 41 -11 279 683
6D 12 -9 704 441
6E 14 -9 474 441
6F 27 -11 468 441
70 -75 -205 469 441
71 25 -209 483 441
72 45 0 412 441
73 16 -13 366 442
74 37 -11 296 546
75 42 -11 475 441
76 21 -18 426 441
77 16 -18 648 441
78 -27 -11 447 441
79 -24 -206 426 441
7A -2 -81 380 428
7B 51 -177 407 687
7C 67 -249 133 749
7D -7 -177 349 687
7E 57 192 512 324
A0 0 0 0 0
A1 59 -205 322 473
A2 77 -143 472 560
A3 10 -6 517 670
A4 37 42 472 478
A5 27 0 603 653
A6 119 -153 184 667
A7 53 -162 461 666
A8 107 508 405 606
A9 41 -18 719 666
AA 42 406 352 676
AB 53 37 445 403
AC 86 108 590 386
AD 49 192 282 255
AE 41 -18 719 666
AF 99 532 411 583
B0 101 390 387 676
B1 86 0 590 568
B2 33 271 324 676
B3 43 268 339 676
B4 180 494 403 664
B5 -67 -209 485 428
B6 55 -123 616 653
B7 70 199 181 310
B8 -30 -217 182 0
B9 43 271 284 676
BA 67 406 362 676
BB 55 37 447 403
BC 33 -10 736 676
BD 34 -10 749 676
BE 23 -10 736 676
BF 28 -205 368 471
C0 -51 0 564 876
C1 -51 0 564 876
C2 -51 0 564 873
C3 -51 0 566 836
C4 -51 0 564 818
C5 -51 0 564 904
C6 -27 0 911 653
C7 66 -217 689 666
C8 -1 0 634 876
C9 -1 0 634 876
CA -1 0 634 873
CB -1 0 634 818
CC -8 0 384 876
CD -8 0 403 876
CE -8 0 425 873
CF -8 0 435 818
D0 -8 0 700 653
D1 -20 -15 727 836
D2 60 -18 706 876
D3 60 -18 706 876
D4 60 -18 706 873
D5 60 -18 706 836
D6 60 -18 706 818
D7 93 8 582 497
D8 60 -105 699 722
D9 102 -18 765 876
DA 102 -18 765 876
DB 102 -18 765 873
DC 102 -18 765 818
DD 78 0 633 876
DE 0 0 569 653
DF -168 -207 493 679
E0 17 -11 476 664
E1 17 -11 487 664
E2 17 -11 476 661
E3 17 -11 511 624
E4 17 -11 489 606
E5 17 -11 476 707
E6 23 -11 640 441
E7 26 -217 425 441
E8 31 -11 412 664
E9 31 -11 459 664
EA 31 -11 441 661
EB 31 -11 451 606
EC 49 -11 284 664
ED 49 -11 356 664
EE 34 -11 328 661
EF 49 -11 353 606
F0 27 -11 482 683
F1 14 -9 476 624
F2 27 -11 468 664
F3 27 -11 487 664
F4 27 -11 468 661
F5 27 -11 496 624
F6 27 -11 489 606
F7 86 -11 590 517
F8 28 -135 469 554
F9 42 -11 475 664
FA 42 -11 477 664
FB 42 -11 475 661
FC 42 -11 479 606
FD -24 -206 459 664
FE -75 -205 469 683
FF -24 -206 441 606
20AC 57 0 668 693
201A 44 -129 183 101
192 25 -182 507 682
201E 57 -129 405 101
2026 57 -11 762 100
2020 101 -159 488 666
2021 22 -143 491 666
2C6 91 492 385 661
2030 25 -19 1010 706
160 17 -18 520 873
2039 51 37 281 403
152 49 -8 964 666
17D -6 0 606 873
2018 171 436 310 666
2019 151 436 290 666
201C 166 436 514 666
201D 151 436 499 666
2022 70 188 336 454
2013 -6 197 505 243
2014 -6 197 894 243
2DC 100 517 427 624
2122 118 247 1045 653
161 16 -13 454 661
203A 52 37 282 403
153 20 -12 646 441
17E -2 -81 434 661
178 78 0 633 818
[Times-Bold]
20 0 0 0 0
21 81 -13 251 691
22 83 404 472 691
23 4 0 496 700
24 29 -99 472 750
25 124 -14 877 692
26 62 -16 787 691
27 75 404 204 691
28 46 -168 306 694
29 27 -168 287 694
2A 56 255 447 691
2B 33 0 537 506
2C 39 -180 223 155
2D 44 171 287 287
2E 41 -13 210 156
2F -24 -19 302 691
30 24 -13 476 688
31 65 0 442 688
32 17 0 478 688
33 16 -14 468 688
34 19 0 475 688
35 22 -8 470 676
36 28 -13 475 688
37 17 0 477 676
38 28 -13 472 688
39 26 -13 473 688
3A 82 -13 251 472
3B 82 -180 266 472
3C 67 26 491 601
3D 33 107 537 399
3E 74 26 498 601
3F 57 -13 445 689
40 108 -19 822 691
41 9 0 689 690
42 16 0 619 676
43 49 -19 687 691
44 14 0 690 676
45 16 0 641 676
46 16 0 583 676
47 37 -19 755 691
48 21 0 759 676
49 20 0 370 676
4A 3 -96 479 676
4B 30 0 769 676
4C 19 0 638 676
4D 14 0 921 676
4E 16 -18 701 676
4F 35 -19 743 691
50 16 0 600 676
51 35 -176 743 691
52 26 0 715 676
53 35 -19 513 692
54 31 0 636 676
55 16 -19 701 676
56 16 -18 701 676
57 19 -15 981 676
58 16 0 699 676
59 15 0 699 676
5A 28 0 634 676
5B 67 -149 301 678
5C -25 -19 303 691
5D 32 -149 266 678
5E 73 311 509 676
5F 2 -143 499 -74
60 8 528 246 713
61 25 -14 488 473
62 17 -14 521 676
63 25 -14 430 473
64 25 -14 534 676
65 25 -14 426 473
66 14 0 389 691
67 28 -206 483 473
68 16 0 534 676
69 16 0 255 691
6A -57 -203 263 691
6B 22 0 543 676
6C 16 0 255 676
6D 16 0 814 473
6E 21 0 539 473
6F 25 -14 476 473
70 19 -205 524 473
71 34 -205 536 473
72 29 0 434 473
73 25 -14 361 473
74 20 -12 332 630
75 16 -14 537 461
76 21 -14 485 461
77 23 -14 707 461
78 12 0 484 461
79 16 -205 480 461
7A 21 0 420 461
7B 22 -176 340 698
7C 66 -250 154 748
7D 54 -175 372 698
7E 29 187 491 343
A0 0 0 0 0
A1 82 -203 252 501
A2 53 -140 458 588
A3 21 -14 477 684
A4 -26 61 526 613
A5 -64 0 547 676
A6 66 -19 154 691
A7 57 -132 443 691
A8 -2 537 335 667
A9 26 -19 721 691
AA -1 397 301 688
AB 23 36 473 415
AC 33 108 537 399
AD 44 171 287 287
AE 26 -19 721 691
AF 1 565 331 637
B0 57 402 343 688
B1 33 0 537 568
B2 0 275 300 688
B3 3 268 297 688
B4 86 528 324 713
B5 33 -206 536 461
B6 0 -186 519 676
B7 41 248 210 417
B8 68 -218 294 0
B9 28 275 273 688
BA 18 397 312 688
BB 27 36 477 415
BC 28 -12 743 688
BD -7 -12 775 688
BE 23 -12 733 688
BF 55 -201 443 501
C0 9 0 689 923
C1 9 0 689 923
C2 9 0 689 914
C3 9 0 689 884
C4 9 0 689 877
C5 9 0 689 948
C6 4 0 951 676
C7 49 -218 687 691
C8 16 0 641 923
C9 16 0 641 923
CA 16 0 641 914
CB 16 0 641 877
CC 20 0 370 923
CD 20 0 370 923
CE 20 0 370 914
CF 20 0 370 877
D0 6 0 690 676
D1 16 -18 701 884
D2 35 -19 743 923
D3 35 -19 743 923
D4 35 -19 743 914
D5 35 -19 743 884
D6 35 -19 743 877
D7 48 16 522 490
D8 35 -74 743 737
D9 16 -19 701 923
DA 16 -19 701 923
DB 16 -19 701 914
DC 16 -19 701 877
DD 15 0 699 923
DE 16 0 600 676
DF 19 -12 517 691
E0 25 -14 488 713
E1 25 -14 488 713
E2 25 -14 488 704
E3 25 -14 488 674
E4 25 -14 488 667
E5 25 -14 488 750
E6 33 -14 693 473
E7 25 -218 430 473
E8 25 -14 426 713
E9 25 -14 426 713
EA 25 -14 426 704
EB 25 -14 426 667
EC -26 0 255 713
ED 16 0 290 713
EE -36 0 301 704
EF -36 0 301 667
F0 25 -14 476 691
F1 21 0 539 674
F2 25 -14 476 713
F3 25 -14 476 713
F4 25 -14 476 704
F5 25 -14 476 674
F6 25 -14 476 667
F7 33 -31 537 537
F8 25 -92 476 549
F9 16 -14 537 713
FA 16 -14 537 713
FB 16 -14 537 704
FC 16 -14 537 667
FD 16 -205 480 713
FE 19 -205 524 676
FF 16 -205 480 667
20AC -36 -24 478 671
201A 79 -180 263 155
192 0 -155 498 706
201E 14 -180 468 155
2026 82 -13 917 156
2020 47 -134 453 691
2021 45 -132 456 691
2C6 -2 528 335 704
2030 7 -29 995 706
160 35 -19 513 914
2039 51 36 305 415
152 22 -5 981 684
17D 28 0 634 914
2018 70 356 254 691
2019 79 356 263 691
201C 32 356 486 691
201D 14 356 468 691
2022 35 198 315 478
2013 0 181 500 271
2014 0 181 1000 271
2DC -16 547 349 674
2122 24 271 977 676
161 25 -14 363 704
203A 28 36 282 415
153 22 -14 696 473
17E 21 0 420 704
178 15 0 699 877
[Times-BoldItalic]
20 0 0 0 0
21 67 -13 370 684
22 136 398 536 685
23 -33 0 533 700
24 -20 -100 497 733
25 39 -10 793 692
26 5 -19 699 682
27 128 398 268 685
28 28 -179 344 685
29 -44 -179 271 685
2A 65 252 456 685
2B 33 0 537 506
2C -60 -182 144 134
2D 2 166 271 282
2E -9 -13 139 135
2F -64 -18 342 685
30 17 -14 477 683
31 5 0 419 683
32 -27 0 446 683
33 -15 -13 450 683
34 -15 0 503 683
35 -11 -13 487 669
36 23 -15 509 679
37 52 0 525 669
38 3 -13 476 683
39 -12 -10 475 683
3A 23 -13 264 459
3B -25 -183 264 459
3C 51 26 553 601
3D 33 107 537 399
3E 9 26 511 601
3F 79 -13 470 684
40 63 -18 770 685
41 -67 0 593 683
42 -24 0 624 669
43 32 -18 677 685
44 -46 0 685 669
45 -27 0 653 669
46 -13 0 660 669
47 21 -18 706 685
48 -24 0 799 669
49 -32 0 406 669
4A -46 -99 524 669
4B -21 0 702 669
4C -22 0 590 669
4D -29 -12 917 669
4E -27 -15 748 669
4F 27 -18 691 685
50 -27 0 613 669
51 27 -208 691 685
52 -29 0 623 669
53 2 -18 526 685
54 50 0 650 669
55 67 -18 744 669
56 65 -18 715 669
57 65 -18 940 669
58 -24 0 694 669
59 73 0 659 669
5A -11 0 590 669
5B -37 -159 362 674
5C -1 -18 279 685
5D -56 -157 343 674
5E 95 307 536 676
5F -25 -143 472 -74
60 85 516 297 697
61 -21 -14 455 462
62 -14 -13 444 699
63 -5 -13 392 462
64 -21 -13 517 699
65 5 -13 398 462
66 -169 -205 446 698
67 -52 -203 478 462
68 -13 -9 498 699
69 2 -9 263 684
6A -189 -207 279 684
6B -23 -8 483 699
6C 2 -9 290 699
6D -14 -9 722 462
6E -6 -9 493 462
6F -3 -13 441 462
70 -120 -205 446 462
71 1 -205 471 462
72 -21 0 389 462
73 -19 -13 333 462
74 -11 -9 281 594
75 15 -9 492 462
76 16 -13 401 462
77 16 -13 614 462
78 -46 -13 469 462
79 -94 -205 392 462
7A -43 -78 368 449
7B 5 -187 436 686
7C 66 -250 154 748
7D -129 -187 302 686
7E 53 180 520 337
A0 0 0 0 0
A1 19 -205 322 492
A2 42 -143 439 576
A3 -32 -12 510 683
A4 34 27 476 469
A5 33 0 628 669
A6 97 -19 184 684
A7 36 -143 459 685
A8 55 525 397 655
A9 30 -18 718 685
AA 16 399 330 685
AB 12 32 468 415
AC 51 108 555 399
AD 2 166 271 282
AE 30 -18 718 685
AF 51 553 393 623
B0 83 397 369 683
B1 33 0 537 568
B2 2 274 313 683
B3 17 265 321 683
B4 139 516 379 697
B5 -27 -207 546 449
B6 -57 -193 562 669
B7 51 257 199 405
B8 -80 -218 156 5
B9 30 274 301 683
BA 56 400 350 685
BB 12 32 468 415
BC 7 -14 721 683
BD -9 -14 723 683
BE 7 -14 726 683
BF 30 -205 421 492
C0 -67 0 593 904
C1 -67 0 593 904
C2 -67 0 593 897
C3 -67 0 593 862
C4 -67 0 593 862
C5 -67 0 593 949
C6 -64 0 918 669
C7 32 -218 677 685
C8 -27 0 653 904
C9 -27 0 653 904
CA -27 0 653 897
CB -27 0 653 862
CC -32 0 406 904
CD -32 0 407 907
CE -32 0 420 897
CF -32 0 445 862
D0 -31 0 700 669
D1 -27 -15 748 862
D2 27 -18 691 904
D3 27 -18 691 904
D4 27 -18 691 897
D5 27 -18 691 862
D6 27 -18 691 862
D7 48 16 522 490
D8 27 -125 691 764
D9 67 -18 744 904
DA 67 -18 744 904
DB 67 -18 744 897
DC 67 -18 744 862
DD 73 0 659 904
DE -27 0 573 669
DF -200 -200 473 705
E0 -21 -14 455 697
E1 -21 -14 463 697
E2 -21 -14 455 690
E3 -21 -14 491 655
E4 -21 -14 471 655
E5 -21 -14 455 754
E6 -5 -13 673 462
E7 -24 -218 392 462
E8 5 -13 398 697
E9 5 -13 435 697
EA 5 -13 423 690
EB 5 -13 443 655
EC 2 -9 260 697
ED 2 -9 352 697
EE -2 -9 325 690
EF 2 -9 360 655
F0 -3 -13 454 699
F1 -6 -9 504 655
F2 -3 -13 441 697
F3 -3 -13 463 697
F4 -3 -13 451 690
F5 -3 -13 491 655
F6 -3 -13 466 655
F7 33 -29 537 535
F8 -3 -119 441 560
F9 15 -9 492 697
FA 15 -9 492 697
FB 15 -9 492 690
FC 15 -9 494 655
FD -94 -205 435 697
FE -120 -205 446 699
FF -94 -205 438 655
20AC 53 -5 666 689
201A -5 -182 199 134
192 -87 -156 537 707
201E -57 -182 403 134
2026 40 -13 852 135
2020 91 -145 494 685
2021 10 -139 493 685
2C6 40 516 367 690
2030 7 -29 996 706
160 2 -18 526 897
2039 32 32 303 415
152 23 -11 946 677
17D -11 0 590 897
2018 128 369 332 685
2019 98 369 302 685
201C 53 369 513 685
201D 53 369 513 685
2022 26 201 331 506
2013 -40 178 477 269
2014 -40 178 977 269
2DC 48 536 407 655
2122 32 263 968 669
161 -19 -13 439 690
203A 10 32 281 415
153 6 -13 674 462
17E -43 -78 424 690
178 73 0 659 862
